210.0 0.00014387407516391632 0.00015328533393739303
209.7897897897898 0.0001446724051388658 0.00015414716098553167
209.5795795795796 0.00014547575279237694 0.00015501448626683371
209.3693693693694 0.00014628415277692994 0.00015588734898547315
209.15915915915917 0.0001470976442711079 0.00015676579060917744
208.94894894894895 0.0001479162586527886 0.00015764984918050797
208.73873873873876 0.0001487400375649525 0.00015853956770441779
208.52852852852854 0.0001495690130739168 0.00015943498490788481
208.31831831831832 0.0001504032248621139 0.00016033614327347107
208.10810810810813 0.00015124270858648858 0.00016124308358539703
207.89789789789793 0.00015208750468251228 0.0001621558490710712
207.68768768768768 0.00015293764870139386 0.0001630744808735235
207.4774774774775 0.00015379317859326734 0.00016399902141680663
207.2672672672673 0.00015465413436934004 0.0001649295143477717
207.05705705705705 0.00015552055357266202 0.0001658660023292186
206.84684684684686 0.00015639247674305174 0.00016680852963709024
206.63663663663667 0.00015726994224688552 0.00016775713970924785
206.42642642642642 0.00015815298960557034 0.00016871187677585647
206.21621621621622 0.00015904166037727357 0.0001696727862130052
206.006006006006 0.00015993599274472564 0.00017063991200714078
205.7957957957958 0.00016083602938270845 0.00017161330049404857
205.5855855855856 0.00016174181031033489 0.00017259299695202278
205.37537537537537 0.00016265337611940663 0.00017357904715246218
205.16516516516518 0.0001635707701535854 0.0001745714983856242
204.95495495495499 0.0001644940337691067 0.0001755703972276555
204.74474474474474 0.0001654232080397379 0.00017657579032571857
204.53453453453454 0.00016635833881074974 0.00017758772683132266
204.32432432432435 0.00016729946602469305 0.00017860625329663385
204.1141141141141 0.00016824663285515857 0.00017963141805016488
203.9039039039039 0.00016919988490652217 0.0001806632707983206
203.69369369369372 0.00017015926686633537 0.00018170186105309413
203.48348348348347 0.0001711248204584783 0.0001827472371211029
203.27327327327328 0.0001720965923616361 0.0001837994499246289
203.06306306306308 0.0001730746262756933 0.00018485854919981666
202.85285285285286 0.0001740589691910571 0.0001859245864834681
202.64264264264264 0.00017504966610689624 0.00018699761260131608
202.43243243243245 0.00017604676263637643 0.0001880776789256075
202.22222222222223 0.00017705030652562985 0.00018916483807038888
202.012012012012 0.0001780603444813776 0.00019025914241751433
201.80180180180182 0.00017907692344576 0.00019136064471025842
201.5915915915916 0.0001801000902291146 0.0001924693978468321
201.3813813813814 0.00018112989459652442 0.00019358545643638752
201.17117117117118 0.00018216638445855081 0.00019470887443189468
200.96096096096096 0.00018320960914005075 0.0001958397067317723
200.75075075075077 0.00018425961667860365 0.0001969780078488058
200.54054054054058 0.00018531645690591936 0.00019812383343826962
200.33033033033033 0.0001863801805678607 0.00019927723986842263
200.12012012012013 0.00018745083862333368 0.00020043828385294838
199.90990990990994 0.00018852848049730198 0.00020160702164600066
199.6996996996997 0.0001896131579324811 0.00020278351087684663
199.4894894894895 0.00019070492353119524 0.00020396780988260824
199.2792792792793 0.0001918038279712362 0.00020515997630571518
199.06906906906906 0.00019290992458343296 0.00020636006939174
198.85885885885887 0.0001940232666937363 0.00020756814865868222
198.64864864864867 0.00019514390686436084 0.00020878427349112777
198.43843843843845 0.00019627189937443452 0.00021000850441951955
198.22822822822823 0.00019740729753708772 0.0002112409018004765
198.01801801801804 0.0001985501569929019 0.00021248152738602137
197.80780780780782 0.00019970053276655036 0.00021373044293273083
197.59759759759763 0.00020085848053457428 0.00021498771081792723
197.3873873873874 0.00020202405617172637 0.00021625339377702598
197.17717717717719 0.00020319731594764363 0.00021752755505190398
196.966966966967 0.00020437831681379296 0.00021881025852404627
196.75675675675674 0.000205567115376195 0.00022010156819409103
196.54654654654655 0.00020676377180180449 0.0002214015501383153
196.33633633633636 0.0002079683417063932 0.00022271026846066967
196.1261261261261 0.00020918088649065584 0.00022402779046663083
195.91591591591592 0.00021040146368753762 0.00022535418183176802
195.70570570570572 0.00021163013268470988 0.0002266895094746454
195.49549549549548 0.00021286695533530552 0.00022803384183822886
195.28528528528528 0.00021411199195312352 0.00022938724695354486
195.0750750750751 0.00021536530239553396 0.00023074979289519984
194.86486486486487 0.00021662695034297202 0.00023212155000533108
194.65465465465465 0.00021789699673280084 0.000233502587559019
194.44444444444446 0.00021917550404447519 0.00023489297595095845
194.23423423423424 0.0002204625375355162 0.0002362927872648125
194.02402402402404 0.00022175815812781535 0.0002377020917608049
193.81381381381382 0.00022306243357410425 0.00023912096348420602
193.6036036036036 0.00022437542568762455 0.0002405494737965177
193.3933933933934 0.0002256972013706415 0.00024198769698035392
193.18318318318322 0.00022702782617621995 0.00024343570697280616
192.97297297297297 0.00022836736658678338 0.00024489357853948833
192.76276276276278 0.00022971588965128002 0.0002463613870766367
192.55255255255258 0.00023107346310284604 0.00024783920866807037
192.34234234234233 0.0002324401535552093 0.0002493271191886786
192.13213213213214 0.0002338160319178434 0.00025082519705289764
191.92192192192195 0.0002352011664725206 0.0002523335197107682
191.7117117117117 0.00023659562592265684 0.00025385216515459675
191.5015015015015 0.00023799948242536866 0.00025538121355312516
191.29129129129132 0.00023941280506339203 0.00025692074382644364
191.0810810810811 0.00024083566721149879 0.00025847083748684047
190.87087087087087 0.0002422681400818008 0.00026003157532128267
190.66066066066068 0.00024371029688418535 0.0002616030394756012
190.45045045045046 0.0002451622091732205 0.00026318531168601774
190.24024024024024 0.00024662395367787003 0.00026477847668553617
190.03003003003002 0.00024809560273081365 0.00026638261734308796
189.81981981981983 0.0002495772331478473 0.0002679978192349021
189.60960960960963 0.00025106891840973424 0.0002696241666099406
189.39939939939939 0.00025257073690209477 0.0002712617466109799
189.1891891891892 0.00025408276564374603 0.000272910646137275
188.978978978979 0.0002556050808532812 0.000274570952025241
188.76876876876875 0.00025713776233968866 0.00027624275339104503
188.55855855855856 0.00025868088826017354 0.00027792613891354636
188.34834834834837 0.0002602345377172806 0.00027962119815328444
188.13813813813812 0.0002617987916719783 0.0002813280220779785
187.92792792792793 0.00026337373225711385 0.00028304670264878905
187.71771771771773 0.00026495943943036275 0.0002847773311602584
187.5075075075075 0.00026655599585537556 0.00028652000071086086
187.2972972972973 0.00026816348476525254 0.0002882748051342974
187.0870870870871 0.0002697819891547398 0.00029004183857847044
186.87687687687688 0.0002714115937697031 0.00029182119653492527
186.66666666666669 0.0002730523837389834 0.00029361297515096395
186.45645645645646 0.0002747044454401537 0.00029541727163408054
186.24624624624624 0.0002763678648886513 0.00029723418350164276
186.03603603603605 0.0002780427279110446 0.00029906380858704765
185.82582582582583 0.00027972912458932995 0.0003009062474187925
185.6156156156156 0.000281427143648693 0.00030276160027982424
185.40540540540542 0.0002831368719555006 0.00030462996693294463
185.19519519519523 0.0002848584027184747 0.0003065114509475826
184.98498498498498 0.00028659182414848876 0.0003084061537229648
184.77477477477478 0.00028833723072812535 0.00031031418045694714
184.5645645645646 0.0002900947114964893 0.0003122356339304379
184.35435435435434 0.00029186436165115956 0.00031417062066539355
184.14414414414415 0.00029364627720130363 0.00031611924812990195
183.93393393393396 0.00029544054802582416 0.0003180816209824595
183.7237237237237 0.0002972472739379341 0.0003200578496783272
183.51351351351352 0.000299066550765407 0.00032204804305496965
183.30330330330332 0.00030089847139216225 0.0003240523088752972
183.0930930930931 0.000302743139532959 0.0003260707611723878
182.88288288288288 0.00030460065141569057 0.00032810351050815783
182.6726726726727 0.0003064711050291297 0.0003301506688866563
182.46246246246247 0.00030835460467088926 0.00033221235220479996
182.25225225225228 0.0003102512481302307 0.0003342886734086474
182.04204204204206 0.00031216113952834914 0.0003363797493442632
181.83183183183183 0.00031408438134092754 0.0003384856965228148
181.62162162162164 0.0003160210770882397 0.00034060663254924646
181.41141141141145 0.00031797133191029104 0.0003427426764069858
181.2012012012012 0.0003199352517583098 0.0003448939481116387
180.990990990991 0.0003219129423947103 0.00034706056808904304
180.78078078078082 0.00032390451140142774 0.00034924265830765306
180.57057057057057 0.0003259100681380753 0.0003514403422414477
180.36036036036037 0.000327929720686947 0.0003536537432674428
180.15015015015018 0.0003299635792656632 0.00035588298644341135
179.93993993993993 0.000332011756352187 0.0003581281986457015
179.72972972972974 0.0003340743615118971 0.00036038950574141556
179.51951951951955 0.00033615150948843915 0.00036266703697411485
179.3093093093093 0.00033824331354290096 0.00036496092140057607
179.0990990990991 0.00034034988774968777 0.0003672712890720878
178.88888888888889 0.000342471350685204 0.0003695982730935952
178.6786786786787 0.0003446078161451636 0.00037194200458786394
178.46846846846847 0.00034675940343739084 0.0003743026182468121
178.25825825825825 0.00034892623171886735 0.0003766802493212006
178.04804804804806 0.0003511084193340886 0.0003790750332199006
177.83783783783787 0.0003533060881509972 0.00038148710790306725
177.62762762762762 0.00035551936129374015 0.00038391661264284736
177.41741741741743 0.0003577483578348477 0.0003863636850875913
177.20720720720723 0.00035999320392710526 0.00038882846745351326
176.99699699699698 0.0003622540245815392 0.0003913111019266503
176.7867867867868 0.000364530946240041 0.0003938117321514083
176.5765765765766 0.00036682409426737274 0.0003963305018208704
176.36636636636635 0.00036913359887596835 0.00039886755793362125
176.15615615615616 0.0003714595865943512 0.00040142304614843185
175.94594594594597 0.0003738021921600825 0.0004039971173113735
175.73573573573574 0.00037616153944848807 0.0004065899169137893
175.52552552552552 0.0003785377702585502 0.0004092016010485963
175.31531531531533 0.00038093101203370643 0.0004118323185716296
175.1051051051051 0.00038334140088519477 0.000414482223777747
174.89489489489492 0.00038576907375486734 0.00041715147214889224
174.6846846846847 0.00038821416485762235 0.00041984021834172685
174.47447447447448 0.00039067681603545114 0.00042254862195827657
174.26426426426428 0.00039315716413064326 0.0004252768405219709
174.05405405405403 0.0003956553513211258 0.0004280250352375045
173.84384384384384 0.0003981715171702908 0.00043079336659802777
173.63363363363365 0.0004007058080188475 0.00043358199958132927
173.4234234234234 0.00040325836527962635 0.0004363910971415813
173.2132132132132 0.0004058293342314764 0.0004392208251443662
173.00300300300302 0.00040841886222161644 0.0004420713513574105
172.79279279279277 0.0004110270990030122 0.00044494284564691294
172.58258258258257 0.00041365418994402807 0.00044783547615872784
172.37237237237238 0.0004163002880470879 0.00045074941610665577
172.16216216216216 0.0004189655442098851 0.0004536848382717502
171.95195195195194 0.0004216501109335549 0.00045664191713778855
171.74174174174175 0.0004243541432548065 0.00045962082936420903
171.53153153153153 0.0004270777959494534 0.0004626217522611308
171.32132132132134 0.00042982122683938554 0.0004656448656547635
171.11111111111111 0.0004325845920425414 0.0004686903492211778
170.9009009009009 0.0004353680522094226 0.0004717583859688116
170.6906906906907 0.0004381717688784935 0.0004748491602395926
170.4804804804805 0.00044099590429536544 0.00047796285758747983
170.27027027027026 0.000443840620443383 0.00048109966426657444
170.06006006006007 0.0004467060836022613 0.0004842597697776996
169.84984984984987 0.00044959245982921243 0.00048744336431154827
169.63963963963963 0.0004524999169062667 0.0004906506399424199
169.42942942942943 0.0004554286232931877 0.0004938817899108504
169.21921921921924 0.00045837875041770026 0.0004971370100549651
169.009009009009 0.00046135047035455394 0.0005004164974272928
168.7987987987988 0.0004643439565681283 0.0005037204507757756
168.5885885885886 0.00046735938237040805 0.0005070490695616903
168.3783783783784 0.00047039692660055284 0.0005104025573672931
168.16816816816817 0.0004734567663975709 0.000513781117662639
167.95795795795797 0.0004765390809056354 0.0005171849559708625
167.74774774774775 0.000479644051757783 0.0005206142801392078
167.53753753753753 0.00048277185929176383 0.0005240692982019173
167.32732732732734 0.0004859226909453072 0.0005275502231634854
167.11711711711712 0.0004890967283545574 0.0005310572656334151
166.90690690690693 0.0004922941619500776 0.0005345906422329905
166.6966966966967 0.0004955151803629913 0.0005381505694517996
166.48648648648648 0.0004987599713477041 0.0005417372642557456
166.2762762762763 0.0005020287285855954 0.0005453509479729317
166.0660660660661 0.0005053216447591369 0.0005489918423264319
165.85585585585585 0.0005086389165791369 0.0005526601723071528
165.64564564564566 0.0005119807385699211 0.0005563561626709644
165.43543543543547 0.0005153473109587324 0.0005600800424154288
165.22522522522522 0.0005187388354896277 0.0005638320424330385
165.01501501501502 0.0005221555089153759 0.000567612391713009
164.80480480480483 0.0005255975394734537 0.0005714213269198133
164.59459459459458 0.0005290651302810991 0.0005752590827939728
164.3843843843844 0.0005325584878816956 0.0005791258970285348
164.1741741741742 0.0005360778228944084 0.0005830220107604943
163.96396396396398 0.000539623343795727 0.0005869476649285473
163.75375375375376 0.0005431952636071268 0.0005909031041338648
163.54354354354356 0.0005467937964007838 0.0005948885746744249
163.33333333333334 0.0005504191584860032 0.0005989043252112071
163.12312312312312 0.0005540715669265381 0.0006029506059125643
162.91291291291293 0.000557751240836174 0.0006070276692221133
162.7027027027027 0.0005614584009223003 0.0006111357696221498
162.49249249249252 0.0005651932720734937 0.0006152751651137369
162.2822822822823 0.0005689560765182352 0.0006194461132790276
162.07207207207207 0.0005727470445575704 0.0006236488775109001
161.86186186186188 0.0005765664030498028 0.0006278837203263382
161.65165165165166 0.0005804143823107009 0.0006321509073834141
161.44144144144144 0.0005842912160120182 0.0006364507074893739
161.23123123123125 0.0005881971371463526 0.0006407833901496458
161.021021021021 0.000592132383838077 0.0006451492290798486
160.8108108108108 0.0005960971933267008 0.0006495484986267643
160.60060060060061 0.000600091807940466 0.0006539814773327226
160.3903903903904 0.0006041164676961864 0.000658448443507916
160.18018018018017 0.0006081714163047104 0.0006629496788623531
159.96996996996998 0.0006122569043484833 0.0006674854703736913
159.75975975975976 0.0006163731756611777 0.0006720561022296959
159.54954954954957 0.0006205204846607192 0.0006766618660931099
159.33933933933935 0.0006246990818022139 0.000681303052506428
159.12912912912913 0.0006289092227322789 0.000685979956317868
158.91891891891893 0.0006331511639491927 0.0006906928741519908
158.7087087087087 0.0006374251640508949 0.0006954421050650751
158.4984984984985 0.0006417314835019118 0.0007002279505574177
158.2882882882883 0.0006460703882358908 0.0007050507166136529
158.07807807807808 0.000650442140200031 0.0007099107081121876
157.86786786786786 0.0006548470095127526 0.0007148082361126342
157.65765765765767 0.0006592852649239932 0.0007197436121493286
157.44744744744744 0.0006637571775664136 0.0007247171504647092
157.23723723723722 0.0006682630232429725 0.0007297291694228956
157.02702702702703 0.0006728030775897691 0.00073477998858265
156.8168168168168 0.0006773776209761425 0.0007398699317122154
156.6066066066066 0.0006819869312432778 0.0007449993223655392
156.3963963963964 0.0006866312943877601 0.0007501684903435423
156.18618618618618 0.0006913109940680708 0.00075537776541335
155.97597597597598 0.0006960263200433731 0.0007606274823679062
155.76576576576576 0.0007007775612225891 0.0007659179768545112
155.55555555555557 0.0007055650110135721 0.0007712495886024292
155.34534534534535 0.0007103889647590742 0.0007766226599530509
155.13513513513516 0.0007152497180344274 0.00078203753472135
154.92492492492494 0.0007201475706706127 0.0007874945607363388
154.71471471471472 0.000725082827223184 0.0007929940901076917
154.50450450450452 0.000730055791031649 0.000798536475622447
154.2942942942943 0.0007350667679144223 0.0008041220729904129
154.08408408408408 0.0007401160701327732 0.0008097512433248581
153.8738738738739 0.0007452040069207555 0.0008154243472939144
153.66366366366367 0.0007503308947758783 0.0008211417514912993
153.45345345345345 0.0007554970492012279 0.0008269038233462585
153.24324324324326 0.0007607027898751404 0.0008327109343051006
153.03303303303304 0.0007659484409149183 0.0008385634600488119
152.82282282282281 0.0007712343249332093 0.0008444617767924112
152.61261261261262 0.0007765607711559467 0.0008504062663364815
152.4024024024024 0.0007819281063576708 0.0008563973104551001
152.1921921921922 0.0007873366645956915 0.000862435296916681
151.981981981982 0.0007927867807108038 0.0008685206155203594
151.77177177177177 0.0007982787929027579 0.0008746536596446829
151.56156156156158 0.0008038130412105232 0.0008808348253708285
151.35135135135135 0.0008093898689216639 0.0008870645123099528
151.14114114114113 0.0008150096205186046 0.0008933431223529873
150.93093093093094 0.0008206726446699919 0.0008996710616011776
150.72072072072072 0.0008263792943358045 0.000906048740348322
150.5105105105105 0.0008321299219949067 0.0009124765701926681
150.3003003003003 0.0008379248830693787 0.0009189549661082045
150.0900900900901 0.0008437645370290964 0.0009254843472481185
149.87987987987987 0.0008496492493599137 0.0009320651380555124
149.66966966966967 0.0008555793810767844 0.0009386977618265152
149.45945945945945 0.0008615553022010175 0.0009453826491250129
149.24924924924923 0.0008675773795466906 0.0009521202300804175
149.03903903903904 0.0008736459900907565 0.0009589109428569089
148.82882882882882 0.0008797615095003884 0.0009657552264303988
148.61861861861863 0.0008859243156513361 0.000972653522816005
148.4084084084084 0.0008921347908960262 0.000979606278484579
148.1981981981982 0.0008983933198826795 0.000986613943015737
147.987987987988 0.0009047002884788368 0.0009936769684518432
147.7777777777778 0.0009110560892274109 0.0010007958126907485
147.56756756756758 0.0009174611165413094 0.001007970936494115
147.35735735735736 0.0009239157659115832 0.0010152028030354016
147.14714714714717 0.0009304204340848685 0.0010224918779417973
146.93693693693695 0.0009369755242797362 0.0010298386326536464
146.72672672672672 0.0009435814453909486 0.0010372435439084397
146.51651651651653 0.0009502386006273541 0.0010447070865752957
146.3063063063063 0.0009569474040022184 0.001052229744120309
146.0960960960961 0.0009637082688343787 0.001059812001252046
145.8858858858859 0.0009705216114496912 0.001067454346370879
145.67567567567568 0.000977387853861459 0.0010751572732242368
145.46546546546546 0.000984307418922516 0.0010829212778511376
145.25525525525526 0.0009912807311005432 0.0010907468590756525
145.04504504504504 0.0009983082206568132 0.0010986345211847083
144.83483483483482 0.001005390320091669 0.0011065847716415153
144.62462462462463 0.0010125274650015356 0.0011145981217074127
144.4144144144144 0.0010197200922070241 0.0011226750851549819
144.20420420420422 0.0010269686456771657 0.001130816182165938
143.993993993994 0.0010342735696637047 0.0011390219348462439
143.78378378378378 0.001041635308974229 0.00114729286748185
143.57357357357358 0.001049054316853061 0.001155629511559654
143.3633633633634 0.0010565310463748138 0.0011640324002648193
143.15315315315314 0.0010640659550236965 0.0011725020714432337
142.94294294294295 0.0010716595018261622 0.0011810390657089657
142.73273273273273 0.001079312152372225 0.001189643929756029
142.5225225225225 0.0010870243688749024 0.001198317209895109
142.31231231231232 0.001094796623442812 0.0012070594606102551
142.1021021021021 0.0011026293882458076 0.0012158712383284749
141.89189189189187 0.0011105231405714715 0.001224753104544823
141.68168168168168 0.0011184783561071505 0.0012337056215851654
141.47147147147146 0.001126495516570859 0.0012427293574861433
141.26126126126127 0.0011345751100975518 0.0012518248862763274
141.05105105105105 0.001142717621439541 0.0012609927816373333
140.84084084084085 0.001150923544224089 0.0012702336248470746
140.63063063063063 0.001159193372099048 0.0012795479990231095
140.42042042042044 0.001167527600902397 0.001288936490536453
140.21021021021022 0.001175926734133073 0.00129839969259815
140.0 0.0011843912722401429 0.0013079381982440293
139.7897897897898 0.0011929217246020383 0.0013175526081966513
139.5795795795796 0.0012015185992390045 0.0013272435240870115
139.36936936936937 0.0012101824100789493 0.0013370115532930092
139.15915915915917 0.0012189136725660491 0.0013468573059448351
138.94894894894895 0.0012277129048824673 0.001356781395830129
138.73873873873873 0.0012365806308503404 0.0013667844422689862
138.52852852852854 0.0012455173758986536 0.001376867067427117
138.31831831831832 0.001254523664924313 0.0013870298949383462
138.1081081081081 0.0012636000328745953 0.0013972735568664825
137.8978978978979 0.0012727470110308948 0.0014075986846842467
137.68768768768768 0.0012819651376047984 0.001418005916177475
137.47747747747746 0.0012912549525744487 0.0014284958921542443
137.26726726726727 0.0013006169987721577 0.0014390692570645514
137.05705705705705 0.0013100518237777472 0.0014497266602691698
136.84684684684686 0.0013195599743758073 0.0014604687523873683
136.63663663663664 0.0013291420027457823 0.001471296189393915
136.42642642642642 0.001338798463622081 0.0014822096306869575
136.21621621621622 0.001348529916429882 0.0014932097405400593
136.00600600600603 0.0013583369164032685 0.0015042971821696758
135.79579579579578 0.0013682200328270543 0.0015154726298771733
135.5855855855856 0.001378179827368696 0.0015267367546150717
135.3753753753754 0.001388216868995531 0.0015380902338602881
135.16516516516515 0.0013983317301519695 0.001549533749170186
134.95495495495496 0.001408524982672036 0.0015610679833206846
134.74474474474476 0.0014187972052855835 0.0015726936253842006
134.53453453453452 0.0014291489768478017 0.0015844113661583371
134.32432432432432 0.0014395808773868797 0.0015962218988814121
134.1141141141141 0.0014500934909900346 0.0016081259210950773
133.90390390390388 0.0014606874077518518 0.0016201241360365335
133.6936936936937 0.001471363212343279 0.0016322172448147128
133.48348348348347 0.001482121498036424 0.001644405955939957
133.27327327327328 0.0014929628574899903 0.0016566909790385021
133.06306306306305 0.0015038878889291755 0.0016690730290021278
132.85285285285286 0.0015148971885794512 0.00168155282092491
132.64264264264264 0.0015259913569032869 0.001694131074180825
132.43243243243245 0.001537170997305866 0.0017068085116675666
132.22222222222223 0.0015484367124027245 0.001719585857110643
132.012012012012 0.0015597891122938357 0.0017324638407913353
131.80180180180182 0.0015712288034096372 0.0017454431918318598
131.5915915915916 0.0015827563952068582 0.0017585246428314235
131.38138138138137 0.0015943725007951334 0.0017717089301238311
131.17117117117118 0.001606077733785265 0.0017849967917684226
130.96096096096096 0.0016178727091427213 0.0017983889679558703
130.75075075075074 0.001629758045854526 0.0018118862029119062
130.54054054054055 0.0016417343612150023 0.0018254892408941389
130.33033033033033 0.001653802273540021 0.0018391988280387194
130.1201201201201 0.0016659624081964168 0.001853015716422893
129.9099099099099 0.0016782153834213986 0.0018669406544316956
129.6996996996997 0.0016905618241063454 0.001880974395975108
129.4894894894895 0.0017030023602465463 0.0018951176995801431
129.27927927927928 0.001715537610627767 0.0019093713170159946
129.0690690690691 0.0017281682052313174 0.0019237360087254547
128.85885885885887 0.0017408947708797437 0.0019382125339042855
128.64864864864865 0.00175371793426755 0.001952801652495451
128.43843843843845 0.0017666383277537812 0.0019675041291791168
128.22822822822823 0.0017796565755571862 0.0019823207238107233
128.018018018018 0.0017927733124487072 0.001997252204230978
127.80780780780782 0.0018059891639985864 0.002012299332638185
127.5975975975976 0.0018193047608287738 0.002027462875343254
127.38738738738738 0.0018327207344569238 0.002042743599827198
127.17717717717719 0.0018462377115602416 0.002058142270775803
126.96696696696696 0.001859856324216251 0.0020736596570566325
126.75675675675676 0.0018735771989422461 0.0020892965241175905
126.54654654654655 0.001887400965501275 0.002105053639974621
126.33633633633634 0.0019013282481196029 0.002120931769142206
126.12612612612612 0.001915359679398793 0.002136931682118232
125.91591591591592 0.0019294958792479228 0.0021530541407729746
125.70570570570571 0.0019437374750626616 0.0021692999123055705
125.49549549549549 0.001958085087885943 0.0021856697594548357
125.2852852852853 0.001972539339790913 0.0022021644456878603
125.07507507507508 0.0019871008512892473 0.002218784733225732
124.86486486486486 0.0020017702398865134 0.0022355313820508586
124.65465465465465 0.002016548120122202 0.002252405149763864
124.44444444444444 0.0020314351061325314 0.0022694067933760136
124.23423423423424 0.0020464318102739825 0.0022865370681928415
124.02402402402402 0.0020615388390986533 0.0023037967249552632
123.81381381381382 0.002076756799669733 0.0023211865141917957
123.6036036036036 0.002092086291485478 0.002338707180426252
123.39339339339338 0.002107527918480568 0.002356359470529637
123.18318318318319 0.002123082271896984 0.0023741441215802675
122.97297297297297 0.0021387499472619496 0.0023920618727518803
122.76276276276276 0.002154531529354264 0.002410113454571362
122.55255255255256 0.0021704276033501658 0.00242829959667018
122.34234234234235 0.002186438749369695 0.0024466210239372605
122.13213213213213 0.0022025655414175177 0.0024650784555116253
121.92192192192194 0.0022188085495074843 0.0024836726063047804
121.71171171171171 0.0022351683360417964 0.002502404184215037
121.5015015015015 0.002251645464761876 0.0025212738964801276
121.2912912912913 0.0022682404827502867 0.0025402824366769277
121.08108108108108 0.002284953941766579 0.002559430499801706
120.87087087087087 0.0023017863800391587 0.0025787187692370163
120.66066066066065 0.0023187383328670697 0.002598147924073168
120.45045045045045 0.0023358103286755423 0.0026177186362938264
120.24024024024024 0.0023530028865590357 0.002637431568776486
120.03003003003002 0.002370316517896614 0.00265728737639354
119.81981981981983 0.0023877517284593658 0.0026772867073347525
119.6096096096096 0.0024053090149421612 0.002697430200477503
119.39939939939939 0.0024229888632784965 0.002717718484059281
119.1891891891892 0.0024407917548924262 0.0027381521800134987
118.97897897897897 0.002458718155555173 0.0027587318958286486
118.76876876876877 0.0024767685291817577 0.0027794582342280313
118.55855855855856 0.0024949433238525965 0.0028003317830810536
118.34834834834835 0.0025132429797013636 0.002821353120810986
118.13813813813813 0.002531667926278582 0.002842522814388932
117.92792792792794 0.0025502185789120927 0.00286384141652116
117.71771771771772 0.002568895344616048 0.0028853094697481106
117.5075075075075 0.0025876986181719657 0.002906927503427019
117.2972972972973 0.0026066287789823068 0.002928696031266001
117.08708708708708 0.002625686197774409 0.002950615556016332
116.87687687687688 0.0026448712293837993 0.002972686564066726
116.66666666666666 0.0026641842132549397 0.0029949095255563146
116.45645645645646 0.0026836254818682417 0.0030172849003417563
116.24624624624624 0.002703195344584438 0.003039813126049662
116.03603603603602 0.0027228940967262477 0.0030624946244963095
115.82582582582583 0.0027427220248257564 0.0030853298052364456
115.61561561561561 0.0027626793913501967 0.003108319054287772
115.4054054054054 0.0027827664466071483 0.00313146274258119
115.1951951951952 0.002802983421179875 0.0031547612201802927
114.98498498498499 0.0028233305326413527 0.003178214821009926
114.77477477477477 0.002843807972772368 0.003201823853272106
114.56456456456456 0.002864415919609987 0.003225588607957014
114.35435435435436 0.0028851545337247025 0.0032495093560284227
114.14414414414414 0.0029060239495591156 0.003273586341684013
113.93393393393394 0.0029270242852202045 0.003297819789328377
113.72372372372372 0.0029481556374304652 0.00332220989970863
113.5135135135135 0.0029694180812317008 0.0033467568493055987
113.30330330330331 0.002990811667596395 0.0033714607884221055
113.09309309309309 0.003012336424789012 0.0033963218418387405
112.88288288288288 0.0030339923600723705 0.003421340109854253
112.67267267267266 0.0030557794568747505 0.0034465156659292816
112.46246246246247 0.0030776976656966986 0.0034718485496442637
112.25225225225225 0.003099746923776323 0.003497338780972498
112.04204204204203 0.0031219271334306086 0.003522986344007248
111.83183183183183 0.003144238171040857 0.0035487911932695023
111.62162162162161 0.0031666798891214995 0.0035747532549570363
111.41141141141141 0.003189252108765035 0.003600872421045214
111.2012012012012 0.0032119546242606782 0.0036271485524511857
110.990990990991 0.003234787195673589 0.0036535814731056765
110.78078078078077 0.003257749558652165 0.0036801709770302705
110.57057057057058 0.0032808414123944906 0.0037069168190329515
110.36036036036036 0.0033040624289684645 0.0037338187212672238
110.15015015015014 0.0033274122424408383 0.0037608763649086734
109.93993993993995 0.0033508904601814386 0.0037880893981116323
109.72972972972973 0.0033744966449841744 0.0038154574225094306
109.51951951951952 0.0033982303330541124 0.003842980006126415
109.30930930930931 0.003422091023794019 0.0038706566754690554
109.09909909909909 0.003446078175263581 0.003898486911790835
108.88888888888889 0.003470191211459688 0.003926470156180802
108.67867867867868 0.0034944295189110906 0.003954605806656972
108.46846846846847 0.0035187924408743862 0.0039828932133559244
108.25825825825825 0.0035432792811973144 0.004011331681239862
108.04804804804803 0.003567889307371649 0.0040399204718128785
107.83783783783784 0.003592621739557367 0.004068658794671158
107.62762762762762 0.0036174757535448352 0.0040975458092285975
107.41741741741741 0.003642450489418737 0.004126580630860092
107.2072072072072 0.003667545038247556 0.00415576232059169
106.996996996997 0.0036927584413221732 0.004185089883996715
106.78678678678678 0.0037180897002474277 0.004214562278475361
106.57657657657658 0.003743537765009269 0.0042441784038640545
106.36636636636636 0.0037691015373430017 0.004273937104506348
106.15615615615614 0.0037947798710811125 0.004303837169183238
105.94594594594595 0.0038205715704962154 0.004333877329375964
105.73573573573573 0.003846475386528477 0.004364056256036857
105.52552552552552 0.0038724900183115998 0.00439437256034392
105.31531531531532 0.0038986141140634947 0.004424824793911874
105.10510510510511 0.003924846264558568 0.004455411443395683
104.89489489489489 0.003951185004100289 0.004486130930889979
104.6846846846847 0.003977628817216227 0.004516981618518673
104.47447447447448 0.004004176126126224 0.004547961798455561
104.26426426426426 0.004030825296341905 0.004579069696837881
104.05405405405405 0.004057574634475382 0.0046103034715665745
103.84384384384384 0.004084422387881194 0.004641661211687692
103.63363363363364 0.004111366739000114 0.004673140932543314
103.42342342342342 0.00413840581220893 0.004704740580636818
103.21321321321321 0.004165537666887052 0.004736458027890098
103.003003003003 0.004192760301273616 0.004768291074084453
102.79279279279278 0.004220071642296102 0.00480023743874736
102.58258258258259 0.004247469555235035 0.0048322947680060485
102.37237237237237 0.004274951838208186 0.0048644606299963
102.16216216216215 0.004302516220409091 0.004896732513016793
101.95195195195195 0.004330160361009027 0.004929107824336335
101.74174174174173 0.004357881851183047 0.004961583891171679
101.53153153153153 0.004385678210464946 0.0049941579575870235
101.32132132132132 0.004413546883929195 0.005026827181831239
101.11111111111111 0.004441485246616436 0.00505958863932727
100.9009009009009 0.004469490599586462 0.005092439319158791
100.6906906906907 0.004497560167457704 0.00512537612183268
100.48048048048048 0.0045256911010928425 0.005158395860873398
100.27027027027026 0.00455388046873927 0.005191495255572041
100.06006006006005 0.004582125274080627 0.005224670944536108
99.84984984984985 0.004610422427256572 0.005257919462827364
99.63963963963964 0.004638768771107648 0.005291237261985306
99.42942942942942 0.004667161059478622 0.005324620692655238
99.21921921921923 0.004695595974134857 0.005358066017481712
99.009009009009 0.0047240701047421485 0.0053915693950350825
98.79879879879879 0.004752579967134185 0.005425126893764555
98.58858858858859 0.004781121990647305 0.005458734481724123
98.37837837837837 0.004809692522435864 0.005492388029491531
98.16816816816817 0.00483828781975831 0.005526083303967706
97.95795795795796 0.004866904060136032 0.005559815975832853
97.74774774774774 0.004895537331528226 0.005593581611572898
97.53753753753753 0.004924183641862796 0.005627375680650476
97.32732732732732 0.004952838900477188 0.005661193540664661
97.11711711711712 0.004981498939607793 0.005695030453771865
96.9069069069069 0.005010159497782533 0.0057288815735963994
96.6966966966967 0.005038816227508233 0.005762741950798431
96.48648648648648 0.005067464688681955 0.005796606527692701
96.27627627627626 0.0050961003554393135 0.005830470143447271
96.06606606606606 0.005124718609854134 0.005864327528842013
95.85585585585585 0.005153314743869478 0.005898173307588435
95.64564564564564 0.005181883963379917 0.005932001999334629
95.43543543543542 0.005210421374899164 0.005965808008988194
95.22522522522523 0.005238922001475848 0.0059995856391117704
95.01501501501501 0.005267380774676175 0.006033329083417056
94.80480480480479 0.005295792529082029 0.006067032422345227
94.5945945945946 0.005324152017670265 0.006100689635032883
94.38438438438438 0.005352453894400568 0.006134294585560331
94.17417417417417 0.005380692726758435 0.006167841032682902
93.96396396396396 0.005408862992438203 0.006201322627305366
93.75375375375376 0.005436959074667708 0.006234732908588245
93.54354354354354 0.005464975272712155 0.00626806531243045
93.33333333333334 0.005492905788703818 0.006301313160938679
93.12312312312312 0.005520744740262338 0.006334469672550961
92.9129129129129 0.005548486159356225 0.006367527961134431
92.70270270270271 0.005576123984727945 0.0064004810301715705
92.49249249249249 0.005603652069431212 0.006433321778767638
92.28228228228228 0.005631064180809962 0.006466043001862567
92.07207207207207 0.005658353998748247 0.006498637388982771
91.86186186186185 0.005685515120886964 0.006531097528608897
91.65165165165165 0.005712541058585867 0.006563415905156169
91.44144144144143 0.005739425242637731 0.00659558490391712
91.23123123123123 0.005766161020775837 0.0066275968092127735
91.02102102102101 0.005792741659398577 0.006659443806242788
90.81081081081079 0.005819160350202083 0.006691117986618084
90.6006006006006 0.00584541020310885 0.0067226113431884576
90.39039039039038 0.005871484253540428 0.006753915776261577
90.18018018018017 0.005897375462755402 0.006785023094320909
89.96996996996997 0.005923076719740828 0.006815925016045868
89.75975975975976 0.0059485808395043725 0.006846613169421781
89.54954954954954 0.005973880573193278 0.0068770791005106045
89.33933933933935 0.005998968601704144 0.006907314268845878
89.12912912912913 0.006023837540006836 0.0069373100515629765
88.9189189189189 0.006048479947532616 0.0069670577524296555
88.70870870870871 0.0060728883134553505 0.006996548590644544
88.49849849849849 0.006097055074222484 0.007025773715816924
88.28828828828829 0.006120972612599835 0.007054724207845449
88.07807807807808 0.006144633253281057 0.007083391074260999
87.86786786786787 0.006168029278137362 0.007111765263395009
87.65765765765765 0.006191152913477097 0.00713983765492502
87.44744744744743 0.006213996349867135 0.007167599076895937
87.23723723723724 0.006236551729541512 0.007195040296434197
87.02702702702702 0.006258811159700037 0.007222152031543753
86.81681681681681 0.006280766714332296 0.0072489249536285705
86.6066066066066 0.006302410434281752 0.0072753496886136465
86.39639639639638 0.006323734328712684 0.007301416819277177
86.18618618618618 0.006344730386935473 0.00732711689591406
85.97597597597597 0.006365390577062071 0.007352440436587778
85.76576576576576 0.006385706850491274 0.007377377931852289
85.55555555555554 0.006405671141917367 0.0074019198461147025
85.34534534534535 0.006425275380839661 0.007426056628295956
85.13513513513513 0.006444511488958994 0.007449778710988027
84.92492492492491 0.0064633713846263974 0.0074730765155120345
84.71471471471472 0.00648184699759558 0.007495940465366317
84.5045045045045 0.006499930255876577 0.007518360976896791
84.29429429429429 0.006517613104894646 0.007540328476406969
84.08408408408408 0.006534887503663832 0.007561833398605781
83.87387387387388 0.006551745435276339 0.007582866196692255
83.66366366366366 0.006568178905281079 0.007603417342562108
83.45345345345343 0.006584179950161778 0.0076234773354129206
83.24324324324324 0.006599740642513165 0.007643036707607933
83.03303303303302 0.006614853098982311 0.00766208603280375
82.82282282282281 0.006629509472234319 0.007680615921117803
82.61261261261261 0.006643701972289403 0.00769861703825852
82.4024024024024 0.006657422861084036 0.007716080102910474
82.19219219219218 0.006670664462512846 0.007732995896683315
81.98198198198199 0.006683419165243261 0.0077493552682159576
81.77177177177177 0.006695679429448301 0.007765149140567542
81.56156156156155 0.006707437788796618 0.007780368514622104
81.35135135135135 0.006718686864529263 0.007795004482587752
81.14114114114113 0.006729419357087123 0.007809048222928368
80.93093093093093 0.006739628060212503 0.007822491013846552
80.72072072072072 0.00674930587265147 0.00783532424492279
80.5105105105105 0.006758445785632113 0.00784753940857202
80.3003003003003 0.006767040907317867 0.007859128122221802
80.09009009009009 0.006775084454222099 0.007870082123111136
79.87987987987988 0.0067825697641853986 0.007880393280985025
79.66966966966966 0.006789490299777382 0.007890053602786124
79.45945945945944 0.006795839654212797 0.007899055239547039
79.24924924924925 0.006801611554313827 0.007907390490715222
79.03903903903903 0.006806799868241592 0.00791505181257106
78.82882882882882 0.006811398611910111 0.00792203182540752
78.61861861861861 0.006815401950428569 0.007928323316678738
78.4084084084084 0.006818804209637616 0.007933919252517633
78.19819819819818 0.006821599873246937 0.00793881277720194
77.98798798798799 0.006823783594093257 0.00794299722446676
77.77777777777777 0.006825350196224157 0.007946466121057774
77.56756756756755 0.006826294681396293 0.00794921319406397
77.35735735735736 0.0068266122341268335 0.007951232376908493
77.14714714714714 0.006826298227029241 0.007952517815670357
76.93693693693693 0.006825348220298521 0.00795306387034649
76.72672672672672 0.006823757976479017 0.007952865129125275
76.51651651651652 0.006821523454500218 0.007951916404937153
76.3063063063063 0.006818640820090216 0.007950212746008682
76.0960960960961 0.006815106450695137 0.007947749441641576
75.88588588588588 0.006810916937723443 0.007944522025665871
75.67567567567566 0.006806069085046286 0.007940526276848284
75.46546546546546 0.00680055992750962 0.007935758235943847
75.25525525525525 0.006794386720758252 0.007930214198734685
75.04504504504503 0.00678754695076035 0.007923890725439135
74.83483483483482 0.006780038335633453 0.007916784643703847
74.62462462462462 0.0067718588325700775 0.00790889305589713
74.41441441441441 0.006763006635246627 0.007900213338091704
74.20420420420419 0.006753480185404975 0.007890743151359542
73.993993993994 0.006743278164119281 0.007880480435403568
73.78378378378378 0.006732399503256753 0.007869423419543256
73.57357357357355 0.006720843387881884 0.007857570625878904
73.36336336336336 0.006708609252226487 0.007844920866919783
73.15315315315314 0.006695696786654699 0.00783147325245195
72.94294294294293 0.006682105939483008 0.007817227192120574
72.73273273273273 0.006667836917029902 0.007802182396325522
72.52252252252252 0.006652890187652023 0.0077863388804482936
72.3123123123123 0.006637266478922716 0.007769696963305622
72.10210210210211 0.006620966780472072 0.0077522572701203135
71.89189189189189 0.006603992350578154 0.007734020738947386
71.68168168168167 0.006586344703043772 0.007714988609933664
71.47147147147147 0.006568025624624578 0.007695162440731879
71.26126126126125 0.006549037163841149 0.007674544097441901
71.05105105105105 0.006529381632939943 0.007653135756575681
70.84084084084083 0.006509061606680071 0.007630939904356527
70.63063063063063 0.006488079936575855 0.007607959349188086
70.42042042042041 0.0064664397176582514 0.007584197193275421
70.21021021021019 0.006444144325887565 0.007559656864893316
70.0 0.006421197387489902 0.007534342092032651
69.78978978978978 0.006397602798518341 0.007508256919208442
69.57957957957957 0.006373364702018825 0.007481405687734727
69.36936936936937 0.006348487512013581 0.007453793056154164
69.15915915915915 0.006322975887133277 0.00742542397734829
68.94894894894894 0.0062968347420350864 0.007396303708018092
68.73873873873873 0.006270069248266802 0.0073664378091334946
68.52852852852853 0.006242684816269919 0.007335832129953382
68.3183183183183 0.006214687110229594 0.007304492820271312
68.10810810810811 0.006186082029244171 0.007272426313708646
67.89789789789789 0.0061568757168875545 0.007239639335240407
67.68768768768767 0.006127074551969707 0.007206138892626646
67.47747747747748 0.006096685146873378 0.0071719322741672035
67.26726726726726 0.006065714341451445 0.007137027042603349
67.05705705705705 0.00603416919640059 0.007101431028509305
66.84684684684683 0.006002057006447014 0.007065152340890843
66.63663663663664 0.005969385267000101 0.0070281993371313165
66.42642642642642 0.00593616169494916 0.006990580640116936
66.2162162162162 0.005902394214016922 0.006952305124417193
66.006006006006 0.005868090947099668 0.006913381908422427
65.79579579579578 0.005833260223588306 0.006873820359643544
65.58558558558558 0.005797910555383831 0.00683363007245701
65.37537537537537 0.005762050650878551 0.006792820879158497
65.16516516516516 0.005725689398735647 0.006751402834356979
64.95495495495494 0.005688835863509382 0.0067093862099018775
64.74474474474475 0.005651499281645213 0.006666781489919628
64.53453453453453 0.005613689061294951 0.0066235993692330495
64.32432432432431 0.005575414761778977 0.006579850733887393
64.11411411411412 0.005536686110706759 0.006535546674706948
63.903903903903895 0.005497512971871141 0.006490698457550191
63.69369369369368 0.005457905358418992 0.006445317533281122
63.48348348348348 0.005417873421802901 0.006399415526580129
63.27327327327327 0.005377427442759216 0.006353004226212505
63.063063063063055 0.005336577827071007 0.006306095579854366
62.852852852852834 0.005295335095919199 0.006258701683767658
62.642642642642635 0.0052537098892920025 0.006210834784221466
62.43243243243242 0.005211712950608931 0.006162507262174404
62.22222222222221 0.005169355122874068 0.006113731628181702
62.01201201201201 0.00512664734182731 0.006064520514626443
61.801801801801794 0.005083600633314882 0.006014886671642218
61.59159159159157 0.005040226104522799 0.005964842957569571
61.38138138138138 0.004996534933430479 0.005914402327899112
61.17117117117116 0.004952538365703182 0.005863577830748704
60.960960960960946 0.004908247717509093 0.005812382607566474
60.75075075075075 0.004863674348467578 0.005760829867360048
60.54054054054053 0.004818829679409219 0.005708932900711382
60.33033033033032 0.004773725165159773 0.005656705053816146
60.12012012012012 0.004728372303179181 0.005604159734341924
59.909909909909906 0.0046827826181431945 0.00555131039597253
59.699699699699686 0.004636967658661396 0.005498170533823652
59.489489489489486 0.004590938995393856 0.005444753680804478
59.27927927927927 0.004544708208489956 0.005391073394858553
59.06906906906906 0.004498286887734843 0.005337143257257233
58.85885885885884 0.0044516866159265474 0.005282976856099253
58.648648648648646 0.00440491897759158 0.00522858779231804
58.438438438438425 0.0043579955455779725 0.005173989666067751
58.22822822822821 0.00431092787243463 0.005119196067250345
58.01801801801801 0.004263727487800126 0.005064220571641036
57.8078078078078 0.004216405897901125 0.005009076738641626
57.597597597597584 0.004168974571344412 0.004953778097037782
57.387387387387385 0.004121444937846452 0.004898338142219517
57.17717717717717 0.004073828384855979 0.004842770331535201
56.96696696696695 0.004026136250858213 0.00478708807673004
56.75675675675675 0.0039783798183598805 0.004731304736146984
56.54654654654654 0.00393057031120174 0.004675433610715435
56.33633633633632 0.0038827188877366718 0.0046194879364119526
56.126126126126124 0.003834836638772482 0.004563480880867913
55.91591591591591 0.003786934580013127 0.004507425535167193
55.70570570570569 0.0037390236545009406 0.004451334914569836
55.4954954954955 0.0036911147165408155 0.004395221942742756
55.285285285285276 0.003643218535391886 0.0043390994536303615
55.07507507507506 0.003595345788477199 0.004282980184009414
54.86486486486486 0.0035475070599868485 0.004226876770975914
54.65465465465465 0.003499712836453375 0.004170801746598929
54.444444444444436 0.003451973500113651 0.004114767530713648
54.234234234234215 0.0034042993230977586 0.004058786424500721
54.024024024024015 0.003356700475639612 0.004002870616612389
53.8138138138138 0.00330918700742292 0.003947032165223974
53.60360360360359 0.0032617688504949288 0.0038912829994859986
53.39339339339339 0.003214455826352389 0.00383563492488061
53.183183183183175 0.0031672576246406657 0.0037800996028713586
52.972972972972954 0.003120183808182933 0.003724688554317129
52.76276276276276 0.003073243818946268 0.0036694131640133596
52.55255255255254 0.003026446960133287 0.003614284663385402
52.34234234234233 0.002979802402028428 0.0035593141348484476
52.13213213213213 0.002933319180857215 0.0035045125098606016
51.921921921921914 0.002887006191010375 0.0034498905610115304
51.7117117117117 0.002840872186071898 0.003395458902031433
51.5015015015015 0.0027949257759547455 0.0033412279844366997
51.29129129129128 0.002749175425986385 0.003287208095805667
51.08108108108107 0.0027036294524328446 0.00323340935504403
50.87087087087087 0.00265829602280796 0.0031798417118181848
50.66066066066065 0.00261318315568215 0.0031265149457664473
50.45045045045044 0.0025682987141991526 0.003073438659869424
50.24024024024022 0.0025236504072106555 0.0030206222808113223
50.03003003003003 0.0024792457894257268 0.002968075058535951
49.819819819819806 0.0024350922584995276 0.002915806062936088
49.60960960960959 0.0023911970562340524 0.0028638241845037626
49.39939939939939 0.0023475672613492925 0.0028121381270408904
49.18918918918918 0.0023042097973590392 0.002760756414416461
48.978978978978965 0.0022611314218408548 0.002709687380276188
48.768768768768766 0.002218338734367398 0.0026589391748401883
48.55855855855855 0.0021758381703154786 0.0026085197587420693
48.34834834834833 0.0021336360024582497 0.0025584369041453977
48.13813813813813 0.002091738344407755 0.0025086981975893873
47.92792792792792 0.002050151138894705 0.0024593110286644715
47.717717717717704 0.0020088801719085397 0.002410282602909629
47.507507507507505 0.001967931058607052 0.0023616199283497093
47.29729729729729 0.0019273092556822754 0.002313329826753262
47.08708708708707 0.0018870200497970435 0.0022654189226200376
46.87687687687688 0.001847068565857102 0.002217893650575564
46.66666666666664 0.0018074597693305276 0.002170760257389718
46.45645645645644 0.0017681984507346136 0.00212402478738163
46.246246246246244 0.001729289246469143 0.0020776931014753817
46.03603603603601 0.0016907366254433113 0.0020317708647758065
45.82582582582582 0.0016525448927282311 0.0019862635497389152
45.61561561561562 0.001614718190617302 0.0019411764370821673
45.40540540540538 0.001577260502507853 0.001896514619339913
45.19519519519518 0.001540175650095863 0.0018522829981226974
44.98498498498498 0.0015034672886499467 0.0018084862796568374
44.77477477477475 0.0014671389197534745 0.0017651289867198245
44.564564564564556 0.0014311938806778706 0.0017222154486370928
44.354354354354356 0.0013956353557684352 0.0016797498119122897
44.14414414414412 0.0013604663661104348 0.0016377360306328132
43.93393393393392 0.001325689779125355 0.001596177875471651
43.72372372372373 0.001291308309731118 0.0015550789348143684
43.513513513513495 0.0012573245123048784 0.0015144426072853606
43.303303303303295 0.0012237407937825545 0.0014742721141686099
43.093093093093096 0.001190559403919774 0.0014345704903514255
42.88288288288286 0.0011577824464490051 0.001395340594828363
42.67267267267266 0.0011254118698788482 0.0013565851023589366
42.46246246246247 0.0010934494824300421 0.0013183065174744873
42.252252252252234 0.0010618969379646089 0.001280507161542541
42.042042042042034 0.0010307557475862038 0.0012431891837989294
41.831831831831835 0.0010000272780185807 0.0012063545599490149
41.6216216216216 0.0009697127603357082 0.0011700051006833677
41.41141141141141 0.0009398132742233072 0.0011341424370695918
41.20120120120121 0.0009103297637341571 0.0010987680355321224
40.99099099099097 0.0008812630373162709 0.0010638831981550922
40.78078078078077 0.0008526137673906577 0.0010294890625889308
40.570570570570574 0.0008243824871521808 0.0009955865992226376
40.360360360360346 0.0007965696059820558 0.0009621766260089572
40.15015015015015 0.0007691753931851541 0.0009292597934408085
39.93993993993991 0.0007421999929534547 0.0008968365989293165
39.72972972972971 0.0007156434224751678 0.0008649073853468139
39.51951951951951 0.0006895055730854843 0.0008334723423754726
39.309309309309285 0.0006637862074868447 0.000802531504281042
39.099099099099085 0.0006384849799632667 0.0007720847692912957
38.888888888888886 0.0006136014078022968 0.0007421318729458102
38.67867867867865 0.0005891349012150071 0.0007126724167383161
38.46846846846845 0.0005650847498081518 0.0006837058556275875
38.25825825825826 0.0005414501310003113 0.0006552315064555548
38.048048048048024 0.0005182301095241807 0.0006272485477613064
37.837837837837824 0.0004954236361133674 0.0005997560189829288
37.627627627627625 0.000473029560051005 0.0005727528326850276
37.41741741741739 0.000451046619525502 0.0005462377658370228
37.2072072072072 0.0004294734464309231 0.0005202094647125086
36.996996996997 0.00040830857499518663 0.0004946664535629492
36.78678678678676 0.00038755043613412135 0.00046960712960658407
36.576576576576564 0.000367197363955598 0.000445029769575518
36.366366366366364 0.0003472475975249617 0.00042093253195919176
36.15615615615613 0.000327699272700292 0.00039731344949563906
35.94594594594594 0.00030855044373889897 0.0003741704502214557
35.73573573573574 0.0002897990725833886 0.00035150134768008697
35.5255255255255 0.000271443027013981 0.00032930383967377845
35.3153153153153 0.00025348009443641056 0.000307575521716938
35.10510510510511 0.0002359079764230175 0.0002863138823200609
34.894894894894875 0.00021872428709601997 0.0002655163019091398
34.684684684684676 0.00020192657274848731 0.0002451800719656265
34.474474474474476 0.00018551228938249635 0.00022530237396663802
34.26426426426424 0.00016947882100779203 0.000205880297469387
34.05405405405404 0.00015382348161887074 0.00018691084221593996
33.84384384384385 0.00013854350538368873 0.00016839090942115398
33.633633633633615 0.0001236360615895292 0.00015031731630075646
33.423423423423415 0.00010909825196624736 0.00013268679418162424
33.213213213213216 9.492710839244071e-05 0.00011549598660097489
33.00300300300298 8.111959931783208e-05 9.874145587743709e-05
32.79279279279279 6.767263265419284e-05 8.241968647014345e-05
32.58258258258259 5.458305817739655e-05 6.652708761804003e-05
32.372372372372354 4.184766150761423e-05 5.105998805523146e-05
32.162162162162154 2.9463173628924463e-05 3.6014645561515856e-05
31.951951951951923 1.7426273429653375e-05 2.1387249888668166e-05
31.741741741741723 5.733585211670754e-06 7.173920742654533e-06
31.531531531531527 -5.618317578078037e-06 -6.6292880926243046e-06
31.321321321321292 -1.6632910622884602e-05 -2.0026386769608204e-05
31.111111111111093 -2.7313713576218274e-05 -3.302144387886689e-05
30.900900900900897 -3.766429657762227e-05 -4.561859234688345e-05
30.690690690690662 -4.76882712029095e-05 -5.782202024492185e-05
30.480480480480463 -5.7389290050314335e-05 -6.963596999299513e-05
30.270270270270267 -6.677104601946363e-05 -8.106473723114508e-05
30.06006006006003 -7.583726945951629e-05 -9.211266759246323e-05
29.849849849849836 -8.459172856275811e-05 -0.0001027841567752519
29.639639639639636 -9.303822711987487e-05 -0.00011308364782218392
29.4294294294294 -0.00010118059750889913 -0.00012301562399647025
29.219219219219205 -0.0001090227099788865 -0.00013258461732065677
29.009009009009006 -0.00011656846077185108 -0.0001417951967477499
28.798798798798774 -0.00012382177255256877 -0.00015065196805659234
28.588588588588575 -0.00013078659776442797 -0.0001591595767419055
28.378378378378375 -0.00013746691291408188 -0.00016732270215094266
28.168168168168144 -0.000143866713555474 -0.00017514605207042633
27.957957957957944 -0.00014999002928632314 -0.00018263437699746985
27.74774774774775 -0.00015584089469262727 -0.00018979244155765303
27.537537537537514 -0.0001614233744754997 -0.00019662504840296395
27.327327327327314 -0.00016674154270340588 -0.00020313701783561384
27.117117117117118 -0.00017179949404307564 -0.00020933319819469478
26.906906906906883 -0.00017660133743318803 -0.00021521845938080308
26.696696696696687 -0.00018115119039412814 -0.00022079768699846832
26.486486486486488 -0.00018545318684331697 -0.00022607578955060635
26.276276276276253 -0.00018951146924154033 -0.00023105769042896536
26.066066066066057 -0.00019333018939164423 -0.00023574832826431006
25.855855855855857 -0.00019691350201119848 -0.0002401526505120031
25.645645645645622 -0.00020026557531338006 -0.0002442756231770781
25.435435435435426 -0.00020339057561336295 -0.0002481222155721231
25.225225225225227 -0.00020629267965224863 -0.0002516974120109179
25.015015015014995 -0.00020897605873286242 -0.00025500619596445056
24.804804804804796 -0.00021144488951795948 -0.00025805356020488693
24.594594594594597 -0.0002137033495163181 -0.00026084450219608846
24.384384384384365 -0.0002157556112550524 -0.00026338401792083905
24.174174174174166 -0.0002176058469064089 -0.0002656771061813613
23.96396396396397 -0.000219258225331294 -0.0002677287654070428
23.753753753753735 -0.0002207169118818236 -0.0002695439929745309
23.543543543543535 -0.0002219860596965118 -0.00027112777668006837
23.333333333333304 -0.00022306982342286047 -0.0002724851075244117
23.123123123123104 -0.0002239723447196396 -0.00027362096547959804
22.91291291291291 -0.00022469775506776644 -0.00027454032179805645
22.702702702702673 -0.00022525017856665804 -0.0002752481414936244
22.492492492492474 -0.00022563372722930267 -0.0002757493784540378
22.282282282282278 -0.0002258525001944566 -0.0002760489744035893
22.072072072072043 -0.00022591058426071802 -0.0002761518590609699
21.861861861861843 -0.0002258120526464358 -0.0002760629487066991
21.651651651651648 -0.00022556096275592167 -0.00027578714371611723
21.441441441441413 -0.00022516135847280646 -0.0002753293305066698
21.231231231231217 -0.00022461725666012377 -0.00027469436810618233
21.021021021021017 -0.00022393267334597084 -0.0002738871133931762
20.810810810810782 -0.00022311159397502705 -0.0002729123919037419
20.600600600600586 -0.00022215798720406373 -0.0002717750108875103
20.390390390390387 -0.00022107580232112544 -0.000270479756675486
20.18018018018015 -0.00021986896742126928 -0.0002690313925191821
19.969969969969956 -0.00021854138888125342 -0.0002674346579637062
19.759759759759756 -0.00021709694938235237 -0.0002656942665445111
19.549549549549525 -0.00021553950890271315 -0.0002638149065871943
19.339339339339325 -0.0002138729057452978 -0.00026180124193106875
19.12912912912913 -0.00021210094776633962 -0.00025965790318685847
18.918918918918894 -0.0002102274264084557 -0.0002573895011466861
18.708708708708695 -0.0002082560959453339 -0.00025500060633720063
18.4984984984985 -0.00020619069361007771 -0.00025249576844103426
18.288288288288264 -0.00020403492427697816 -0.00024987950106775825
18.078078078078065 -0.00020179246109303174 -0.0002471562822671523
17.86786786786787 -0.0001994669595229246 -0.0002443305678829648
17.657657657657634 -0.00019706203389448977 -0.00024140676861584737
17.447447447447438 -0.00019458127324651104 -0.0002383892650848386
17.237237237237238 -0.000192028239586175 -0.00023528240611503528
17.027027027027003 -0.00018940646101659565 -0.00023209050174840618
16.816816816816807 -0.0001867194317434951 -0.00022881782305308608
16.606606606606608 -0.00018397061625840297 -0.00022546860601355796
16.396396396396376 -0.0001811634470974177 -0.00022204704916922887
16.186186186186177 -0.0001783013200022314 -0.00021855730869277
15.97597597597598 -0.0001753876010276559 -0.0002150035051909497
15.765765765765744 -0.00017242562131256883 -0.00021138971834721974
15.555555555555546 -0.000169418678101301 -0.00020771998784504232
15.345345345345313 -0.00016637002737739223 -0.00020399830585888097
15.135135135135116 -0.00016328289563190246 -0.00020022862854801365
14.924924924924918 -0.00016016047586606336 -0.00019641487189138906
14.714714714714683 -0.00015700591727417135 -0.00019256090143527613
14.504504504504485 -0.00015382233754405176 -0.00018867054422204711
14.294294294294287 -0.0001506128134499437 -0.00018474757937640617
14.084084084084054 -0.0001473803901055341 -0.00018079574705363532
13.873873873873855 -0.00014412806605754562 -0.0001768187336810735
13.663663663663657 -0.0001408588105298745 -0.0001728201887167999
13.453453453453424 -0.0001375755478987455 -0.0001688037092368577
13.243243243243226 -0.0001342811669630069 -0.00016477284899310885
13.033033033033028 -0.00013097851372096607 -0.0001607311111062383
12.822822822822793 -0.00012767039796758136 -0.00015668195443846745
12.612612612612596 -0.00012435959072981597 -0.00015262879098032074
12.402402402402398 -0.00012104881468852238 -0.00014857497619788504
12.192192192192165 -0.00011774076291614288 -0.00014452382752511405
11.981981981981965 -0.00011443808081458388 -0.00014047860629814023
11.771771771771768 -0.00011114337334945034 -0.00013644252486602767
11.561561561561534 -0.0001078592060971122 -0.00013241874743145964
11.351351351351337 -0.00010458810174540463 -0.00012841038659029455
11.141141141141139 -0.00010133254001003067 -0.00012442050302086284
10.930930930930904 -9.809496228322565e-05 -0.00012045211011555219
10.720720720720706 -9.487776515893806e-05 -0.00011650816730234266
10.510510510510509 -9.168329980907269e-05 -0.00011259157949401397
10.300300300300275 -8.851388088828484e-05 -0.00010870520572848306
10.090090090090076 -8.537177506093311e-05 -0.00010485184768192634
9.879879879879878 -8.225920772811884e-05 -0.0001010342563208083
9.669669669669645 -7.917836251918106e-05 -9.725513126953958e-05
9.459459459459447 -7.613137578616723e-05 -9.351711522757471e-05
9.24924924924925 -7.312034191694012e-05 -8.982279921425143e-05
9.039039039039015 -7.014731446732907e-05 -8.617472360114282e-05
8.828828828828817 -6.721429717070204e-05 -8.257536908451126e-05
8.618618618618619 -6.432325348359558e-05 -7.902716609225234e-05
8.408408408408386 -6.147610322390443e-05 -7.553249138687112e-05
8.198198198198188 -5.8674717054880866e-05 -7.209366251652604e-05
7.98798798798799 -5.5920926290391795e-05 -6.871294743633261e-05
7.7777777777777555 -5.321651166297973e-05 -6.539255335386116e-05
7.567567567567558 -5.056321373529408e-05 -6.213463692640886e-05
7.35735735735736 -4.7962731932302316e-05 -5.894130331728887e-05
7.147147147147126 -4.541670816192744e-05 -5.5814589817745634e-05
6.936936936936927 -4.2926748726742134e-05 -5.2756487555337474e-05
6.726726726726693 -4.0494411540763526e-05 -4.9768928721308023e-05
6.5165165165164955 -3.8121210514716976e-05 -4.685379092574247e-05
6.306306306306298 -3.5808611927706755e-05 -4.4012893488129096e-05
6.096096096096064 -3.355803601650551e-05 -4.124799896881599e-05
5.885885885885866 -3.137086015235687e-05 -3.856081630820196e-05
5.675675675675668 -2.9248413929627826e-05 -3.595299584572527e-05
5.465465465465434 -2.719197976257983e-05 -3.342612994230269e-05
5.2552552552552365 -2.52027985123094e-05 -3.0981758420826176e-05
5.045045045045038 -2.3282057989043917e-05 -2.862135725434847e-05
4.834834834834805 -2.143090485783995e-05 -2.6346350140318406e-05
4.624624624624606 -1.9650440403648215e-05 -2.4158104437502867e-05
4.414414414414408 -1.7941713954915987e-05 -2.205792458622067e-05
4.204204204204174 -1.6305735943652482e-05 -2.0047064839127668e-05
3.9939939939939766 -1.4743462557445337e-05 -1.812671426604838e-05
3.783783783783779 -1.325580973703197e-05 -1.629801045667173e-05
3.5735735735735448 -1.1843643654308273e-05 -1.4562030061807892e-05
3.3633633633633466 -1.0507785338604548e-05 -1.2919793317584062e-05
3.153153153153149 -9.249005115743799e-06 -1.1372258651267898e-05
2.942942942942915 -8.068035273255631e-06 -9.92033500000073e-06
2.732732732732717 -6.965553412299582e-06 -8.56486546706561e-06
2.522522522522519 -5.942191811410156e-06 -7.306636451084196e-06
2.3123123123122853 -4.998539026618381e-06 -6.146379339045232e-06
2.102102102102087 -4.135136264010072e-06 -5.084766709245322e-06
1.8918918918918894 -3.3524724364258615e-06 -4.122407651713788e-06
1.6816816816816553 -2.650996285648101e-06 -3.2598595293783463e-06
1.4714714714714574 -2.0311085466689953e-06 -2.4976203671971405e-06
1.2612612612612595 -1.4931602721109093e-06 -1.8361271113106342e-06
1.0510510510510256 -1.0374552576462948e-06 -1.2757579884552863e-06
0.8408408408408277 -6.642522278502919e-07 -8.168347616614484e-07
0.6306306306306297 -3.737658289443639e-07 -4.5962358436047537e-07
0.42042042042039574 -1.661567872144038e-07 -2.0432534439736558e-07
0.21021021021019787 -4.154454283437853e-08 -5.108813064378104e-08
0.0 6.441704312825992e-13 6.334308078063471e-13
