210
207.09863
204.40503
201.89304
199.54106
197.33114
195.24799
193.27883
191.4124
189.63911
187.9508
186.34021
184.80066
183.32676
181.9135
180.5561
179.25095
177.99415
176.78243
175.61323
174.48333
173.39077
172.3331
171.30824
170.31457
169.35019
168.41344
167.50305
166.61766
165.75591
164.91668
164.09889
163.30148
162.52366
161.76455
161.023
160.29882
159.59074
158.89831
158.22103
157.55809
156.90896
156.27313
155.65012
155.03942
154.44057
153.8531
153.27679
152.71118
152.15571
151.61027
151.07444
150.54783
150.03031
149.52145
149.02093
148.52879
148.04443
147.56763
147.09857
146.63667
146.18174
145.73361
145.2921
144.85705
144.42829
144.00565
143.58897
143.17808
142.77284
142.37308
141.97866
141.58942
141.20522
140.82592
140.4516
140.08203
139.71697
139.3563
139.00023
138.6484
138.30059
137.9571
137.61754
137.28175
136.95005
136.62182
136.29752
135.97659
135.65934
135.34537
135.03492
134.72757
134.4237
134.1227
133.82512
133.53037
133.23863
132.94992
132.66386
132.38082
132.1005
131.82272
131.54778
131.27544
131.00554
130.73813
130.47339
130.21097
129.95084
129.69301
129.4377
129.18458
128.93361
128.68476
128.43802
128.19359
127.9512
127.7108
127.47237
127.2359
127.00134
126.76867
126.53793
126.30911
126.08209
125.85685
125.63335
125.41159
125.19153
124.97314
124.75641
124.54131
124.32781
124.1159
123.90555
123.69674
123.48944
123.28364
123.0793
122.87641
122.67495
122.4749
122.27623
122.07892
121.88296
121.68831
121.49497
121.303
121.11234
120.92293
120.73476
120.5478
120.36203
120.17743
119.99399
119.81168
119.63065
119.45078
119.27201
119.0943
118.91765
118.74204
118.56751
118.39419
118.22186
118.0505
117.88011
117.71066
117.54239
117.37508
117.20868
117.04317
116.87853
116.71508
116.55248
116.3907
116.22974
116.06983
115.91083
115.7526
115.59514
115.43867
115.28309
115.12823
114.97409
114.82098
114.66863
114.51697
114.36605
114.21614
114.06686
113.91822
113.77053
113.62356
113.47719
113.33161
113.18686
113.04269
112.89918
112.75657
112.61451
112.47303
112.3325
112.19246
112.053
111.91444
111.77636
111.63887
111.50223
111.36603
111.23048
111.09568
110.96129
110.82765
110.69461
110.56197
110.43019
110.29886
110.16801
110.03796
109.90825
109.77923
109.65077
109.52265
109.3954
109.26847
109.14213
109.01637
108.89091
108.76631
108.64198
108.51826
108.39504
108.27217
108.15006
108.02818
107.907
107.78617
107.66583
107.54605
107.42653
107.30776
107.18919
107.0713
106.9537
106.83662
106.71999
106.6037
106.48802
106.37252
106.25776
106.14313
106.02919
105.91545
105.80228
105.68942
105.57701
105.465
105.35335
105.24218
105.13127
105.02092
104.91075
104.80121
104.69177
104.58302
104.47431
104.36632
104.25836
104.15109
104.04388
103.9373
103.83082
103.72495
103.61917
103.51399
103.40891
103.30441
103.20001
103.09619
102.99245
102.88931
102.78621
102.68373
102.58127
102.47945
102.37764
102.27645
102.17528
102.07469
101.97417
101.87416
101.77428
101.67484
101.5756
101.47671
101.3781
101.27975
101.18176
101.08394
100.98656
100.88926
100.7925
100.69573
100.59954
100.50337
100.40766
100.3121
100.21686
100.12188
100.02711
99.93272
99.8384
99.74458
99.65077
99.55746
99.46422
99.37133
99.27865
99.18618
99.09406
99.00199
98.91042
98.81886
98.72773
98.63671
98.54595
98.45548
98.36509
98.27515
98.18521
98.09571
98.0063
97.91714
97.82825
97.73942
97.65106
97.56269
97.4747
97.38685
97.29916
97.21181
97.12447
97.03758
96.95074
96.86414
96.7778
96.69148
96.60562
96.51976
96.4342
96.34883
96.26352
96.17863
96.09373
96.00915
95.92473
95.84039
95.75644
95.67248
95.58884
95.50534
95.42192
95.33888
95.25584
95.17309
95.0905
95.00795
94.9258
94.84366
94.76175
94.68004
94.59834
94.51704
94.43577
94.35466
94.27381
94.19297
94.11245
94.03203
93.95167
93.87167
93.79167
93.71188
93.63229
93.5527
93.47346
93.39428
93.31518
93.2364
93.15762
93.07905
93.00066
92.92227
92.84423
92.76623
92.6883
92.61069
92.53308
92.45564
92.37841
92.30117
92.22422
92.14736
92.07051
91.99402
91.91753
91.84113
91.76501
91.68888
91.61294
91.53717
91.4614
91.38589
91.31047
91.23506
91.15997
91.0849
91.00988
90.93516
90.86043
90.78582
90.71143
90.63704
90.56283
90.48877
90.41471
90.34088
90.26715
90.19342
90.11995
90.04655
89.97314
89.90004
89.82695
89.75388
89.6811
89.60832
89.5356
89.46313
89.39066
89.31827
89.2461
89.17393
89.10187
89.02999
88.95812
88.88637
88.81479
88.7432
88.67177
88.60047
88.52917
88.45803
88.38701
88.31599
88.24514
88.1744
88.10366
88.03309
87.96261
87.89214
87.82184
87.75163
87.68143
87.61139
87.54144
87.4715
87.40172
87.33202
87.26233
87.1928
87.12336
87.05392
86.98462
86.91543
86.84623
86.77717
86.70821
86.63925
86.57042
86.5017
86.43297
86.36436
86.29587
86.22737
86.15897
86.0907
86.02243
85.95423
85.88618
85.81813
85.75013
85.6823
85.61446
85.54665
85.47903
85.4114
85.34378
85.27636
85.20894
85.14151
85.07427
85.00705
84.93983
84.87275
84.80573
84.7387
84.67179
84.60495
84.53811
84.47136
84.4047
84.33805
84.27145
84.20497
84.13849
84.07205
84.00574
83.93944
83.87314
83.807
83.74086
83.67473
83.60872
83.54275
83.47678
83.41091
83.34509
83.27928
83.21353
83.14787
83.0822
83.01658
82.95106
82.88555
82.82004
82.75467
82.68929
82.62392
82.55866
82.49343
82.42819
82.36303
82.29793
82.23283
82.16777
82.10279
82.03782
81.97286
81.908
81.84315
81.77829
81.71354
81.6488
81.58406
81.5194
81.45477
81.39014
81.32555
81.26103
81.19651
81.132
81.06758
81.00316
80.93873
80.8744
80.81007
80.74574
80.68147
80.61723
80.55299
80.48878
80.42463
80.36048
80.29633
80.23225
80.16818
80.1041
80.04009
79.97609
79.91208
79.84812
79.78418
79.72025
79.65633
79.59246
79.52859
79.46472
79.4009
79.33709
79.27327
79.20949
79.14573
79.08197
79.01822
78.9545
78.89078
78.82707
78.76339
78.69972
78.63604
78.57239
78.50875
78.4451
78.38147
78.31786
78.25425
78.19064
78.12705
78.06346
77.99987
77.93629
77.87272
77.80915
77.74558
77.68202
77.61846
77.5549
77.49135
77.42779
77.36424
77.30068
77.23713
77.17357
77.11002
77.04646
76.9829
76.91933
76.85576
76.79219
76.72861
76.66502
76.60143
76.53784
76.47424
76.41062
76.34701
76.28339
76.21974
76.1561
76.09245
76.02877
75.96509
75.90141
75.8377
75.77398
75.71025
75.64651
75.58274
75.51897
75.45519
75.39136
75.32754
75.26371
75.19983
75.13595
75.07206
75.00813
74.94418
74.88023
74.81625
74.75222
74.68819
74.62416
74.56005
74.49595
74.43184
74.36766
74.30347
74.23927
74.17503
74.11074
74.04645
73.98214
73.91775
73.85336
73.78897
73.72448
73.65999
73.59549
73.53091
73.4663
73.40169
73.33703
73.2723
73.20756
73.14281
73.07795
73.01308
72.94822
72.88324
72.81824
72.75324
72.68815
72.62301
72.55787
72.49266
72.42737
72.36208
72.29676
72.23131
72.16586
72.10041
72.0348
71.96919
71.90358
71.83783
71.77204
71.70626
71.64036
71.5744
71.50844
71.44239
71.37624
71.31009
71.24389
71.17754
71.11119
71.04483
70.97828
70.91173
70.84518
70.77843
70.71167
70.64491
70.57797
70.51099
70.44401
70.37688
70.30967
70.24247
70.17513
70.10769
70.04024
69.9727
69.90501
69.83732
69.76955
69.70161
69.63367
69.56567
69.49746
69.42926
69.36102
69.29254
69.22406
69.15557
69.08681
69.01806
68.9493
68.88025
68.81121
68.74216
68.67283
68.60348
68.53414
68.46451
68.39485
68.3252
68.25526
68.18529
68.11532
68.04505
67.97475
67.90445
67.83385
67.76321
67.69257
67.62161
67.55062
67.47964
67.40831
67.33696
67.26561
67.1939
67.12219
67.05044
66.97835
66.90626
66.8341
66.76162
66.68914
66.61654
66.54366
66.47078
66.39773
66.32444
66.25114
66.17763
66.10391
66.03019
65.95618
65.88202
65.80787
65.73334
65.65874
65.58413
65.50907
65.43401
65.35884
65.28331
65.20778
65.13203
65.05601
64.98
64.90364
64.82713
64.75061
64.67363
64.5966
64.51948
64.44193
64.36438
64.28657
64.20848
64.13039
64.05187
63.97323
63.89453
63.81533
63.73612
63.65665
63.57687
63.49708
63.41681
63.33643
63.25592
63.17493
63.09394
63.01257
62.93095
62.84931
62.76706
62.6848
62.60223
62.51932
62.43641
62.35285
62.26927
62.18538
62.1011
62.01683
61.93189
61.8469
61.76158
61.67587
61.59015
61.50369
61.41724
61.33034
61.24313
61.15578
61.06778
60.97978
60.89116
60.80236
60.71322
60.62361
60.53393
60.44347
60.35302
60.26192
60.1706
60.07889
59.98669
59.89434
59.80123
59.70813
59.61418
59.52015
59.42548
59.3305
59.23507
59.13912
59.0429
58.94595
58.84889
58.75092
58.65295
58.55397
58.45495
58.35504
58.25494
58.15404
58.05285
57.95091
57.84859
57.74557
57.6421
57.53794
57.43328
57.32793
57.22205
57.11546
57.00833
56.90042
56.79202
56.68273
56.57302
56.46229
56.35124
56.23899
56.12656
56.01272
55.89865
55.78336
55.66758
55.55079
55.43321
55.3149
55.19542
55.07555
54.95408
54.83216
54.70903
54.58496
54.46014
54.3338
54.20687
54.07853
53.94913
53.81896
53.68698
53.55422
53.42024
53.28467
53.14818
53.01018
52.87064
52.73004
52.58779
52.44387
52.29873
52.15198
52.00322
51.85304
51.70139
51.54742
51.39167
51.23422
51.07499
50.91317
50.74929
50.58336
50.41529
50.24489
50.07153
49.89571
49.71731
49.53619
49.35221
49.16524
48.9751
48.78139
48.58417
48.38332
48.17866
47.96999
47.75707
47.5397
47.31761
47.09055
46.85785
46.6194
46.37494
46.12414
45.86663
45.60168
45.32804
45.04617
44.7551
44.45296
44.14057
43.81447
43.47543
43.12079
42.74834
42.35644
41.94195
41.50117
41.02962
40.5203
39.96534
39.35142
38.66053
37.85996
36.88862
35.59958
33.23027
27.60577
25.26279
23.25512
21.32903
19.36019
17.23069
14.75618
11.47419
0