0.0 0.0 0.0
0.06896551724137931 0.005568400033989176 0.005553001537668341
0.13793103448275862 0.008353060699549346 0.008263912878186295
0.20689655172413793 0.009756896411905984 0.009669559682929745
0.27586206896551724 0.010449131938367488 0.010366859494433252
0.3448275862068966 0.010761609407723563 0.010687934058652529
0.41379310344827586 0.01086421863641619 0.010797258918336864
0.48275862068965514 0.010848281017691029 0.010786518719745128
0.5517241379310345 0.010764676172690283 0.010708218722800502
0.6206896551724138 0.01064198512564534 0.010588851394050034
0.6896551724137931 0.010497989422291085 0.010448675715310558
0.7586206896551724 0.01034231317330863 0.010295393068517743
0.8275862068965517 0.010181991193919448 0.010137696316989716
0.896551724137931 0.010020324033742666 0.009977864108965733
0.9655172413793103 0.009860260069688697 0.009819619665294554
1.0344827586206897 0.009702898143854053 0.009663692433796915
1.103448275862069 0.009549416681047621 0.009511528651361238
1.1724137931034482 0.009400141907043257 0.00936338710442005
1.2413793103448276 0.009255429042172025 0.0092196795959099
1.3103448275862069 0.009115333680055878 0.009080491577500377
1.3793103448275863 0.008979829977507615 0.008945791187371363
1.4482758620689655 0.008848872725752282 0.008815574848840858
1.5172413793103448 0.008722278805104726 0.008689646631670107
1.5862068965517242 0.008599955933459106 0.008567943430101962
1.6551724137931034 0.008481677119888963 0.008450232030957829
1.7241379310344827 0.008367321552347425 0.00833640768136389
1.793103448275862 0.008256670624874738 0.008226251326498636
1.8620689655172413 0.008149585937510521 0.008119632385453799
1.9310344827586206 0.008045875925455333 0.008016361445982785
2.0 0.007945394698815457 0.007916296348074956
